len <-
20
true.accel.mean <-
0
true.accel.sd <-
0.1
accel.error.mean <-
0
accel.error.sd <-
0.5
deltat <-
1
obs.accel <-
structure(c(0, -0.134398663145603, 0.0887817925088519, -0.691282659016504, 
0.682422860623056, 0.0859120447046529, -0.0747925495158264, 0.403105430709461, 
0.0972983241263456, -0.0009773896821407, -0.484879169787305, 
0.956977998053865, -0.291939459769346, 0.506942285465168, 0.0773597110270536, 
0.257553785927782, 0.30289679795664, 1.15879503459159, -0.32561504095293, 
0.377466915799132, 0, -0.375967119755404, -0.0525527777251205, 
-1.25419385650058, 0.338807378630429, -1.09788928038666, 0.102813582392874, 
0.151688392649204, 0.0670373318880209, 0.591990001054706, 0.877732322269616, 
-0.757520209089169, -0.352898881950961, -0.122238256781476, -0.370279862404735, 
-0.158226246729192, -0.00142260558828403, 0.786150288047878, 
0.524382840701588, 0.0424836630498071, 0, -0.108432515966959, 
0.104942213613046, -0.837415666777996, -1.22005387885293, 0.239820840100753, 
0.130397100940917, -0.499497343617228, 0.353364971423257, 0.799358409125645, 
-0.487182180655719, 0.391929251917143, -0.498868672360919, -0.368590606282132, 
-0.895734121948674, -1.0685945024309, -0.0476341911984845, 0.751985359831926, 
0.875689474680816, 0.0758217643118119), .Dim = c(20L, 3L))
true.velo <-
structure(c(0, NA, NA, NA, NA, NA, NA, NA, NA, NA, NA, NA, NA, 
NA, NA, NA, NA, NA, NA, NA, 0, NA, NA, NA, NA, NA, NA, NA, NA, 
NA, NA, NA, NA, NA, NA, NA, NA, NA, NA, NA, 0.1, NA, NA, NA, 
NA, NA, NA, NA, NA, NA, NA, NA, NA, NA, NA, NA, NA, NA, NA, NA
), .Dim = c(20L, 3L))
true.pos <-
structure(c(0, NA, NA, NA, NA, NA, NA, NA, NA, NA, NA, NA, NA, 
NA, NA, NA, NA, NA, NA, 2.59432909223139, 0, NA, NA, NA, NA, 
NA, NA, NA, NA, NA, NA, NA, NA, NA, NA, NA, NA, NA, NA, 3.84400773868187, 
0, NA, NA, NA, NA, NA, NA, NA, NA, NA, NA, NA, NA, NA, NA, NA, 
NA, NA, NA, 0.00301497550108804), .Dim = c(20L, 3L))
