len <-
20
true.accel.mean <-
0
true.accel.sd <-
0.1
accel.error.mean <-
0
accel.error.sd <-
0.05
deltat <-
1
obs.accel <-
structure(c(0, -0.00221200742713181, -0.00841617579208166, 0.0591050902135221, 
0.104519051371157, 0.0751014074999741, 0.0246568478727026, -0.00140689913448759, 
-0.0994414909404579, -0.0882499538303378, -0.0367821952880562, 
0.111407049566609, -0.0338585241235071, 0.152681720470581, 0.105001469872446, 
0.0966512102582557, -0.108427592499515, 0.0789183782093621, -0.0576792409139259, 
0.0206698889456941, 0, -0.00320999918000026, 0.11741316774785, 
-0.0370114943345239, -0.0320058068543313, -0.151103191752657, 
-0.0366449427652528, 0.0196713151088035, 0.153506717192154, -0.0146176328678649, 
0.191820478924855, -0.107779308252058, 0.0572117707864184, -0.194096558816247, 
0.114653412951886, -0.12173815846392, -0.0366677552747479, 0.0850874991996124, 
0.164642702037209, 0.164738922090322, 0, 0.0412885974447228, 
0.0875301186135296, -0.0557997648223487, -0.147057874553349, 
0.0314399325422473, 0.0720253072349946, -0.0693247857559393, 
-0.140235087390978, 0.134499976647378, -0.198610783669547, -0.112609155827484, 
-0.0142517490734606, -0.0476650327198003, -0.172168227924434, 
-0.166028849943519, -0.142263160361324, 0.0321938856364563, 0.334941352553887, 
-0.00859337142789861), .Dim = c(20L, 3L))
true.velo <-
structure(c(0, NA, NA, NA, NA, NA, NA, NA, NA, NA, NA, NA, NA, 
NA, NA, NA, NA, NA, NA, NA, 0, NA, NA, NA, NA, NA, NA, NA, NA, 
NA, NA, NA, NA, NA, NA, NA, NA, NA, NA, NA, 0.1, NA, NA, NA, 
NA, NA, NA, NA, NA, NA, NA, NA, NA, NA, NA, NA, NA, NA, NA, NA
), .Dim = c(20L, 3L))
true.pos <-
structure(c(0, NA, NA, NA, NA, NA, NA, NA, NA, NA, NA, NA, NA, 
NA, NA, NA, NA, NA, NA, 2.59432909223139, 0, NA, NA, NA, NA, 
NA, NA, NA, NA, NA, NA, NA, NA, NA, NA, NA, NA, NA, NA, 3.84400773868187, 
0, NA, NA, NA, NA, NA, NA, NA, NA, NA, NA, NA, NA, NA, NA, NA, 
NA, NA, NA, 0.00301497550108804), .Dim = c(20L, 3L))
